38,35
17,3
17,2
17,1
16,3
16,2
16,1
15,3
15,2
15,1
12,3
12,2
12,1
11,3
11,2
11,1
10,3
20,2
10,2
20,1
10,1
20,3
9,3
9,2
19,2
9,1
19,1
8,3
19,3
8,2
18,1
8,1
18,3
14,1
6,1
14,3
4,87
4,86
13,1
4,85
13,3
4,1
<<<<<<< HEAD
3,3
2,2
3,2
=======
2,3
2,2
>>>>>>> 27dc3908f663e2bb771887613ffdcad99603b40f
2,1
2,3
3,1
0,0
<<<<<<< HEAD
38,34
38,33
38,32
38,31
38,30
38,29
38,28
38,27
=======
35,34
35,33
35,32
35,31
35,30
35,29
35,28
35,27
35,26
35,25
35,24
35,23
35,22
35,21
35,20
35,19
35,18
35,17
35,16
35,15
35,14
35,13
35,12
35,11
35,10
35,9
35,8
35,7
35,6
35,5
35,4
35,3
35,2
35,0
>>>>>>> 27dc3908f663e2bb771887613ffdcad99603b40f
